[10.1]
[10.1, 38.63]
[10.1, 38.63, 68.7]
[10.1, 38.63, 68.7, 74.34]
[10.1, 38.63, 68.7, 74.34, 92.63]
[10.1, 38.63, 68.7, 74.34, 92.63, 71.5]
[10.1, 38.63, 68.7, 74.34, 92.63, 71.5, 96.32]
[10.1, 38.63, 68.7, 74.34, 92.63, 71.5, 96.32, 96.45]
[10.1, 38.63, 68.7, 74.34, 92.63, 71.5, 96.32, 96.45, 96.68]
[10.1, 38.63, 68.7, 74.34, 92.63, 71.5, 96.32, 96.45, 96.68, 97.07999]
[10.1, 38.63, 68.7, 74.34, 92.63, 71.5, 96.32, 96.45, 96.68, 97.07999, 96.87]
[10.1, 38.63, 68.7, 74.34, 92.63, 71.5, 96.32, 96.45, 96.68, 97.07999, 96.87, 97.27]
[10.1, 38.63, 68.7, 74.34, 92.63, 71.5, 96.32, 96.45, 96.68, 97.07999, 96.87, 97.27, 97.02]
[10.1, 38.63, 68.7, 74.34, 92.63, 71.5, 96.32, 96.45, 96.68, 97.07999, 96.87, 97.27, 97.02, 96.72]
[10.1, 38.63, 68.7, 74.34, 92.63, 71.5, 96.32, 96.45, 96.68, 97.07999, 96.87, 97.27, 97.02, 96.72, 97.00999]
