[0.14401]
[0.14401, 0.13586]
[0.14401, 0.13586, 0.08953]
[0.14401, 0.13586, 0.08953, 0.06374]
[0.14401, 0.13586, 0.08953, 0.06374, 0.02224]
[0.14401, 0.13586, 0.08953, 0.06374, 0.02224, 0.04659]
[0.14401, 0.13586, 0.08953, 0.06374, 0.02224, 0.04659, 0.0152]
[0.14401, 0.13586, 0.08953, 0.06374, 0.02224, 0.04659, 0.0152, 0.01177]
[0.14401, 0.13586, 0.08953, 0.06374, 0.02224, 0.04659, 0.0152, 0.01177, 0.01002]
[0.14401, 0.13586, 0.08953, 0.06374, 0.02224, 0.04659, 0.0152, 0.01177, 0.01002, 0.00663]
[0.14401, 0.13586, 0.08953, 0.06374, 0.02224, 0.04659, 0.0152, 0.01177, 0.01002, 0.00663, 0.00971]
[0.14401, 0.13586, 0.08953, 0.06374, 0.02224, 0.04659, 0.0152, 0.01177, 0.01002, 0.00663, 0.00971, 0.00659]
[0.14401, 0.13586, 0.08953, 0.06374, 0.02224, 0.04659, 0.0152, 0.01177, 0.01002, 0.00663, 0.00971, 0.00659, 0.00759]
[0.14401, 0.13586, 0.08953, 0.06374, 0.02224, 0.04659, 0.0152, 0.01177, 0.01002, 0.00663, 0.00971, 0.00659, 0.00759, 0.00693]
[0.14401, 0.13586, 0.08953, 0.06374, 0.02224, 0.04659, 0.0152, 0.01177, 0.01002, 0.00663, 0.00971, 0.00659, 0.00759, 0.00693, 0.00811]
