[10.1]
[10.1, 47.58]
[10.1, 47.58, 81.79]
[10.1, 47.58, 81.79, 76.95]
[10.1, 47.58, 81.79, 76.95, 90.07]
[10.1, 47.58, 81.79, 76.95, 90.07, 84.02]
[10.1, 47.58, 81.79, 76.95, 90.07, 84.02, 94.84]
[10.1, 47.58, 81.79, 76.95, 90.07, 84.02, 94.84, 96.3]
[10.1, 47.58, 81.79, 76.95, 90.07, 84.02, 94.84, 96.3, 97.22]
[10.1, 47.58, 81.79, 76.95, 90.07, 84.02, 94.84, 96.3, 97.22, 97.14999]
[10.1, 47.58, 81.79, 76.95, 90.07, 84.02, 94.84, 96.3, 97.22, 97.14999, 96.82999]
[10.1, 47.58, 81.79, 76.95, 90.07, 84.02, 94.84, 96.3, 97.22, 97.14999, 96.82999, 97.31]
[10.1, 47.58, 81.79, 76.95, 90.07, 84.02, 94.84, 96.3, 97.22, 97.14999, 96.82999, 97.31, 97.79]
[10.1, 47.58, 81.79, 76.95, 90.07, 84.02, 94.84, 96.3, 97.22, 97.14999, 96.82999, 97.31, 97.79, 97.57]
[10.1, 47.58, 81.79, 76.95, 90.07, 84.02, 94.84, 96.3, 97.22, 97.14999, 96.82999, 97.31, 97.79, 97.57, 97.75]
