[0.14401]
[0.14401, 0.13112]
[0.14401, 0.13112, 0.06836]
[0.14401, 0.13112, 0.06836, 0.07521]
[0.14401, 0.13112, 0.06836, 0.07521, 0.03186]
[0.14401, 0.13112, 0.06836, 0.07521, 0.03186, 0.04843]
[0.14401, 0.13112, 0.06836, 0.07521, 0.03186, 0.04843, 0.03697]
[0.14401, 0.13112, 0.06836, 0.07521, 0.03186, 0.04843, 0.03697, 0.01088]
[0.14401, 0.13112, 0.06836, 0.07521, 0.03186, 0.04843, 0.03697, 0.01088, 0.01179]
[0.14401, 0.13112, 0.06836, 0.07521, 0.03186, 0.04843, 0.03697, 0.01088, 0.01179, 0.00884]
[0.14401, 0.13112, 0.06836, 0.07521, 0.03186, 0.04843, 0.03697, 0.01088, 0.01179, 0.00884, 0.01044]
[0.14401, 0.13112, 0.06836, 0.07521, 0.03186, 0.04843, 0.03697, 0.01088, 0.01179, 0.00884, 0.01044, 0.00694]
[0.14401, 0.13112, 0.06836, 0.07521, 0.03186, 0.04843, 0.03697, 0.01088, 0.01179, 0.00884, 0.01044, 0.00694, 0.00838]
[0.14401, 0.13112, 0.06836, 0.07521, 0.03186, 0.04843, 0.03697, 0.01088, 0.01179, 0.00884, 0.01044, 0.00694, 0.00838, 0.00572]
[0.14401, 0.13112, 0.06836, 0.07521, 0.03186, 0.04843, 0.03697, 0.01088, 0.01179, 0.00884, 0.01044, 0.00694, 0.00838, 0.00572, 0.00773]
