[12.5]
[12.5, 31.25]
[12.5, 31.25, 75.0]
[12.5, 31.25, 75.0, 62.5]
[12.5, 31.25, 75.0, 62.5, 81.25]
[12.5, 31.25, 75.0, 62.5, 81.25, 56.25]
[12.5, 31.25, 75.0, 62.5, 81.25, 56.25, 93.75]
[12.5, 31.25, 75.0, 62.5, 81.25, 56.25, 93.75, 93.75]
[12.5, 31.25, 75.0, 62.5, 81.25, 56.25, 93.75, 93.75, 87.5]
[12.5, 31.25, 75.0, 62.5, 81.25, 56.25, 93.75, 93.75, 87.5, 100.0]
[12.5, 31.25, 75.0, 62.5, 81.25, 56.25, 93.75, 93.75, 87.5, 100.0, 100.0]
[12.5, 31.25, 75.0, 62.5, 81.25, 56.25, 93.75, 93.75, 87.5, 100.0, 100.0, 87.5]
[12.5, 31.25, 75.0, 62.5, 81.25, 56.25, 93.75, 93.75, 87.5, 100.0, 100.0, 87.5, 93.75]
[12.5, 31.25, 75.0, 62.5, 81.25, 56.25, 93.75, 93.75, 87.5, 100.0, 100.0, 87.5, 93.75, 87.5]
[12.5, 31.25, 75.0, 62.5, 81.25, 56.25, 93.75, 93.75, 87.5, 100.0, 100.0, 87.5, 93.75, 87.5, 93.75]
